2223253212115555235152523523983253212
6721345123515252352398590235825212415972035235235232142365236922222222224111111111142341359282011111532532121114125555555
2351525235239841122222222222441122222222235236721345123253212111435235235235152523523983253212111459023418411222325321211
6721345123515252352482592398511111
22222241122222222222411111111222222222410241841122222222222411111111114234135928201523515252352398325321211145902341841122232
2351525235235152523523411222222222224111111115972035235234112222222222241111111159720352352352321423652369234852124111111


2820111115325321211141255555555352
1111423413523523515252352151111423413552222241024184112222222222241111111111423413592
2112223255239832532121114590234184
0234183523523515254112555435223523983253212111459223253212115515252352398322222222241111111111423413592820111115325321211